0,482
0,481
0,472
71,52
71,51
71,50
71,49
71,48
71,47
71,46
71,45
71,44
71,43
71,42
71,41
71,40
71,39
71,38
71,37
71,36
71,35
10,129
10,251
10,197
10,111
10,89
10,23
10,189
10,87
10,2
10,3
9,7
9,1
9,5
9,2
9,3
8,15
8,7
8,13
8,14
8,8
8,10
8,2
8,3
54,3
54,2
54,1
54,0
53,3
53,2
53,1
53,0
33,3
33,2
33,1
30,3
30,2
30,1
28,3
28,1
27,3
27,1
25,3
25,1
24,3
24,2
24,1
20,3
20,2
20,1
19,3
19,2
19,1
18,3
18,1
14,3
14,1
13,1
12,3
12,2
13,3
12,1
11,28
11,27
11,26
11,25
11,24
11,23
11,22
11,21
11,20
11,19
11,18
11,17
11,16
11,15
11,14
11,13
11,12
11,11
11,10
11,9
11,8
11,7
